2      0.0678
842      0.1637
3284      0.6563
7288      1.4161
12901      1.4683
19971      1.8376
28665      2.6274
38965      3.4144
50883      4.3322
64328       5.489
79309      7.1399
95905      8.4905
114149     10.4934
133872      12.403
155194     14.3205
178136     17.3051
202617     19.9131
228515     22.4821
256237     26.0391
285412     28.8469
316350     32.7199
348854     36.1555
382918     39.5638
418273     45.2398
455565       49.39
494147     53.6764
534455     58.5599
576406     63.4007
619802     67.7204
664771      73.697
711200     79.0229
