2      0.0439
842      0.5866
3284      2.0123
7288      4.3332
12901      7.6988
19971     12.1723
28665     11.0922
38965     14.9538
50883       21.32
64328     28.3847
79309     33.9747
95905     41.6369
114149      50.915
133872     59.0575
155194     69.2427
178136     80.8176
202617      87.204
228515     104.666
256237     112.301
285412     127.746
316350     133.669
348854     148.427
382918     171.152
418273     177.918
455565      196.52
494147      216.41
534455     291.572
576406     344.367
619802     374.137
664771      398.04
711200     426.183
