 2      0.2698
842      0.3754
3284      0.6668
7288      1.1757
12901      1.4341
19971      1.8846
28665      2.2484
38965      2.8363
50883      3.3663
64328      4.1173
79309      5.0582
95905      6.1846
114149       7.414
133872      8.6876
155194     10.3916
178136     11.8092
202617     13.4808
228515     15.3031
256237     17.5946
285412     19.9617
316350     21.8837
348854     22.5987
382918     24.8836
418273     27.6904
455565     30.2117
494147     34.7795
534455     36.6089
576406     37.4399
619802     41.2633
664771     44.8606
711200     47.5122
