16      0.3997
400      0.3349
1296      0.6827
2704      1.0773
4624      1.4204
7056      1.7717
10000      2.1869
13456       2.524
17424       3.155
21904      3.7658
26896      4.5927
32400      5.4715
38416      6.6398
44944      7.9419
51984      9.2103
59536     10.7097
67600     13.8557
76176     14.0099
85264      16.134
94864     17.7436
104976     19.5268
115600     21.8828
126736     24.0186
138384      27.859
150544     28.3704
163216     30.6836
176400     32.3257
190096     36.1546
204304     38.1774
219024     40.3012
234256     43.2234
250000     46.8427

