16      0.0386
400      0.4781
1296      1.5108
2704      3.1318
4624      5.4601
7056       8.411
10000     11.9584
13456     15.9443
17424     20.8085
21904     26.2059
26896     32.3236
32400     38.8906
38416     46.4434
44944     54.2616
51984     61.9527
59536     71.7649
67600     82.7867
76176     92.6381
85264     107.063
94864     115.691
104976     130.218
115600      143.69
126736     159.185
138384     180.962
150544     201.356
163216     219.043
176400     239.305
190096     262.065
204304     279.911
219024     424.273
234256     438.274
250000     483.771
