16      0.0696
400      0.1938
1296      0.6973
2704      0.8457
4624       1.305
7056       1.932
10000      2.9251
13456      3.9106
17424      4.5541
21904      5.6611
26896      6.9677
32400      9.5353
38416     10.4653
44944     12.5045
51984     15.2306
59536     17.9504
67600       20.12
76176     22.9439
85264     25.6726
94864     31.9721
104976      32.854
115600     36.1914
126736     40.9476
138384     44.9727
150544     48.8792
163216     53.5833
176400     57.9149
190096     62.0477
204304     66.9773
219024     74.5234
234256      81.392
250000      88.638
